Data
8,8,11
45,33,73
12,56,63
4,0,0
2,1,0
5,1,1
0,0,0

1.
epochs50 batch5 dscale150
Training Loss: 0.0010826913639903069, Validation Loss: 0.07978857463846604
tensor([[ 1.0989e+01], 
        [ 7.2493e+01], 
        [ 6.2066e+01], 
        [ 5.1697e-02], 
        [-3.1185e-01], 
        [ 1.0590e+00], 
        [-9.1800e-01]])

2.
epochs100 batch5 dscale150
Training Loss: 0.00037326631718315184, Validation Loss: 0.0035593372789056352
tensor([[ 10.984], 
        [ 72.765], 
        [ 62.566], 
        [ 0.026201], 
        [-0.055841], 
        [ 0.97742], 
        [-0.18647]])